87674
87673
87672
87671
87670
87669
87668
87667
87666
87665
87664
87663
87662
87661
87660
87659
87658
87657
87656
87655
87654
87653
87652
87651
87650
87649
87648
87647
87646
87645
87644
87643
87642
87641
87640
87639
87638
87637
87636
87635
87634
87633
87632
87631
87630
87629
87628
87627
87626
87625
87624
87700
87699
87698
87697
87696
87695
87694
87693
87692
87691
87690
87689
87688
87687
87686
87685
87684
87683
87682
87681
87680
87679
87678
87677
87676
87675
87623
87611
87612
87613
87614
87615
87616
87618
87619
87620
87621
87622
