2029527002
2032320002
2032320003
2032320004
2032320005
2032320006
2035918004
2035918005
2035918006
2040502001
2065487018
2067725000
2067725001
2067725002
2067725003
2067725004
2067725009
2070309004
2070309009
2081372006
2088090004
2088090008
2088090014
2088090015
2119805009
2119805011
2119805012
2124908006
2124908007
2124908008
2124908009
2124908021
2124908028
2124908032
2124908035
2124908036
2124908037
2124908038
2124908039
2124908040
2124908041
2124908043
2124908044
2124908045
2140918006
2140918007
2140918008
2140918023
2140918025
2162886006
2162886008
2162886013
2189573022
2209111000
2228664021
2228664022
3300000033
3300000095
3300000335
3300000363
3300000364
3300000366
3300000367
3300000370
3300000396
3300000431
3300000433
3300000435
3300000436
3300000442
3300000449
3300000451
3300000452
3300000509
3300000518
3300000519
3300000564
3300000567
3300000579
3300000580
3300000596
3300000597
3300000650
3300000651
3300000655
3300000658
3300000659
3300000660
3300000661
3300000662
3300000663
3300000664
3300000666
3300000667
3300000668
3300000669
3300000670
3300000671
3300000672
3300000674
3300000675
3300000676
3300000677
3300000678
3300000679
3300000680
3300000681
3300000682
3300000683
3300000684
3300000685
3300000686
3300000687
3300000688
3300000689
3300000690
3300000691
3300000692
3300000693
3300000694
3300000695
3300000696
3300000697
3300000698
3300000699
3300000700
3300000701
3300000702
3300000703
3300000704
3300000705
3300000706
3300000707
3300000708
3300000709
3300000710
3300000711
3300000712
3300000713
3300000715
3300000716
3300000717
3300000719
3300000720
3300000721
3300000722
3300000723
3300000724
3300000725
3300000726
3300000727
3300000728
3300000729
3300000731
3300000732
3300000733
3300000734
3300000754
3300000787
3300000789
3300000793
3300000816
3300000837
3300000856
3300000858
3300000862
3300000863
3300000881
3300000890
3300000891
3300000893
3300000896
3300000897
3300000898
3300000899
3300000901
3300000902
3300000903
3300000904
3300000905
3300000907
3300000908
3300000909
3300000912
3300000935
3300000936
3300000952
3300000953
3300000955
3300000956
3300000989
3300000993
3300000996
3300000998
3300001000
3300001001
3300001002
3300001003
3300001005
3300001007
3300001008
3300001009
3300001011
3300001014
3300001015
3300001017
3300001018
3300001019
3300001020
3300001021
3300001022
3300001023
3300001024
3300001025
3300001026
3300001027
3300001028
3300001029
3300001030
3300001031
3300001032
3300001033
3300001034
3300001038
3300001039
3300001040
3300001042
3300001047
3300001048
3300001050
3300001052
3300001053
3300001055
3300001056
3300001057
3300001059
3300001061
3300001062
3300001064
3300001065
3300001066
3300001067
3300001069
3300001070
3300001071
3300001072
3300001073
3300001074
3300001075
3300001076
3300001078
3300001079
3300001080
3300001081
3300001082
3300001083
3300001084
3300001085
3300001086
3300001087
3300001088
3300001089
3300001098
3300001100
3300001104
3300001107
3300001108
3300001111
3300001116
3300001119
3300001120
3300001124
3300001131
3300001132
3300001133
3300001134
3300001135
3300001137
3300001138
3300001139
3300001140
3300001141
3300001142
3300001143
3300001144
3300001145
3300001147
3300001150
3300001151
3300001152
3300001153
3300001154
3300001155
3300001156
3300001157
3300001158
3300001159
3300001160
3300001161
3300001162
3300001163
3300001164
3300001165
3300001166
3300001167
3300001168
3300001169
3300001170
3300001171
3300001172
3300001173
3300001174
3300001175
3300001176
3300001177
3300001178
3300001179
3300001180
3300001181
3300001182
3300001204
3300001205
3300001283
3300001284
3300001285
3300001305
3300001356
3300001369
3300001381
3300001383
3300001384
3300001385
3300001394
3300001396
3300001397
3300001398
3300001399
3300001400
3300001401
3300001402
3300001403
3300001404
3300001405
3300001406
3300001407
3300001408
3300001409
3300001410
3300001411
3300001412
3300001413
3300001414
3300001415
3300001416
3300001417
3300001418
3300001421
3300001423
3300001424
3300001427
3300001428
3300001429
3300001430
3300001433
3300001447
3300001449
3300001452
3300001453
3300001454
3300001455
3300001461
3300001462
3300001464
3300001465
3300001467
3300001469
3300001471
3300001475
3300001490
3300001545
3300001546
3300001593
3300001595
3300001606
3300001607
3300001608
3300001609
3300001610
3300001611
3300001612
3300001613
3300001614
3300001615
3300001616
3300001617
3300001618
3300001619
3300001620
3300001621
3300001622
3300001623
3300001624
3300001625
3300001626
3300001627
3300001628
3300001629
3300001630
3300001631
3300001632
3300001633
3300001634
3300001635
3300001636
3300001638
3300001639
3300001640
3300001641
3300001642
3300001643
3300001644
3300001645
3300001646
3300001647
3300001648
3300001649
3300001650
3300001652
3300001653
3300001654
3300001655
3300001657
3300001658
3300001659
3300001686
3300001690
3300001691
3300001692
3300001693
3300001694
3300001695
3300001696
3300001697
3300001698
3300001699
3300001700
3300001701
3300001702
3300001703
3300001704
3300001705
3300001745
3300001747
3300001766
3300001767
3300001770
3300001774
3300001779
3300001786
3300001787
3300001790
3300001792
3300001793
3300001795
3300001796
3300001798
3300001799
3300001800
3300001805
3300001811
3300001812
3300001813
3300001814
3300001868
3300001869
3300001870
3300001871
3300002087
3300002088
3300002089
3300002090
3300002093
3300002099
3300002100
3300002101
3300002103
3300002106
3300002107
3300002108
3300002109
3300002110
3300002111
3300002112
3300002113
3300002114
3300002115
3300002116
3300002117
3300002118
3300002120
3300002121
3300002122
3300002123
3300002124
3300002128
3300002149
3300002162
3300002179
3300002183
3300002209
3300002223
3300002243
3300002407
3300002460
3300002472
3300002473
3300002474
3300002479
3300002480
3300002485
3300002490
3300002502
3300002503
3300002515
3300002529
3300002530
3300002538
3300002544
3300002545
3300002546
3300002549
3300002550
3300002551
3300002557
3300002558
3300002560
3300002561
3300002562
3300002563
3300002564
3300002565
3300002568
3300002569
3300002610
3300002611
3300002612
3300002613
3300002614
3300002615
3300002616
3300002617
3300002618
3300002619
3300002620
3300002621
3300002622
3300002623
3300002624
3300002625
3300002626
3300002627
3300002628
3300002629
3300002630
3300002631
3300002632
3300002633
3300002634
3300002635
3300002636
3300002637
3300002638
3300002639
3300002640
3300002706
3300002707
3300002708
3300002709
3300002710
3300002711
3300002712
3300002713
3300002714
3300002715
3300002716
3300002717
3300002718
3300002719
3300002720
3300002721
3300002722
3300002723
3300002724
3300002725
3300002726
3300002727
3300002736
3300002742
3300002743
3300002744
3300002745
3300002746
3300002747
3300002748
3300002749
3300002750
3300002752
3300002755
3300002756
3300002757
3300002758
3300002759
3300002761
3300002762
3300002781
3300002782
3300002783
3300002784
3300002785
3300002786
3300002787
3300002788
3300002789
3300002790
3300002791
3300002792
3300002793
3300002794
3300002795
3300002796
3300002797
3300002798
3300002799
3300002800
3300002801
3300002802
3300002803
3300002804
3300002805
3300002806
3300002807
3300002808
3300002809
3300002810
3300002811
3300002812
3300002813
3300002814
3300002815
3300002816
3300002817
3300002818
3300002819
3300002820
3300002823
3300002824
3300002825
3300002826
3300002827
3300002828
3300002829
3300002830
3300002831
3300002832
3300002833
3300002886
3300002896
3300002897
3300002901
3300002902
3300002903
3300002906
3300002907
3300002908
3300002909
3300002910
3300002911
3300002912
3300002914
3300002915
3300002916
3300002917
3300002954
3300002986
3300002989
3300003204
3300003205
3300003206
3300003207
3300003208
3300003209
3300003210
3300003211
3300003212
3300003213
3300003221
3300003222
3300003225
3300003226
3300003227
3300003228
3300003229
3300003230
3300003231
3300003232
3300003233
3300003234
3300003235
3300003236
3300003237
3300003238
3300003239
3300003240
3300003241
3300003242
3300003243
3300003244
3300003248
3300003249
3300003334
3300003342
3300003343
3300003348
3300003353
3300003355
3300003356
3300003357
3300003358
3300003359
3300003360
3300003361
3300003362
3300003364
3300003366
3300003369
3300003376
3300003377
3300003378
3300003381
3300003384
3300003385
3300003386
3300003387
3300003389
3300003390
3300003746
3300004081
3300004153
3300004266
3300004267
3300004268
3300004281
3300004633
3300005103
3300005104
3300005105
3300005146
3300005147
3300005148
3300005158
3300005159
3300005160
3300005161
3300005162
3300005163
3300005164
3300005165
3300005166
3300005167
3300005168
3300005169
3300005171
3300005172
3300005173
3300005174
3300005175
3300005176
3300005177
3300005178
3300005179
3300005180
3300005181
3300005184
3300005185
3300005186
3300005187
3300005269
3300005271
3300005294
3300005295
3300005329
3300005330
3300005332
3300005336
3300005337
3300005340
3300005341
3300005343
3300005345
3300005365
3300005406
3300005434
3300005435
3300005436
3300005437
3300005438
3300005439
3300005440
3300005441
3300005444
3300005445
3300005446
3300005447
3300005450
3300005451
3300005454
3300005458
3300005466
3300005467
3300005468
3300005471
3300005518
3300005524
3300005526
3300005529
3300005530
3300005531
3300005532
3300005533
3300005534
3300005535
3300005536
3300005537
3300005538
3300005540
3300005541
3300005542
3300005544
3300005545
3300005546
3300005547
3300005549
3300005552
3300005553
3300005554
3300005555
3300005556
3300005557
3300005558
3300005559
3300005560
3300005561
3300005566
3300005568
3300005569
3300005574
3300005575
3300005576
3300005586
3300005587
3300005591
3300005598
3300005602
3300005607
3300005610
3300005615
3300005712
3300005713
3300005764
3300005868
3300005869
3300005870
3300005872
3300005873
3300005874
3300005875
3300005876
3300005877
3300005878
3300005879
3300005880
3300005881
3300005883
3300005884
3300005885
3300005886
3300005887
3300005888
3300005889
3300005890
3300005891
3300005892
3300005893
3300005894
3300005895
3300005896
3300005897
3300005898
3300005899
3300005900
3300005901
3300005902
3300005903
3300005904
3300005905
3300005921
3300005938
3300005940
3300005943
3300005944
3300005947
3300005949
3300005950
3300005952
3300005954
3300005955
3300005956
3300005980
3300005990
3300005991
3300005992
3300005993
3300005994
3300005995
3300006003
3300006004
3300006005
3300006006
3300006007
3300006008
3300006009
3300006010
3300006014
3300006015
3300006017
3300006028
3300006031
3300006032
3300006034
3300006039
3300006040
3300006046
3300006055
3300006163
3300006173
3300006175
3300006176
3300006619
3300006628
3300006629
3300006630
3300006631
3300006632
3300006633
3300006634
3300006635
3300006636
3300006638
3300006639
3300006640
3300006642
3300006755
3300006780
3300006781
3300006782
3300006791
3300006792
3300006794
3300006795
3300006796
3300006797
3300006798
3300006800
3300006801
3300006804
3300006806
3300006807
3300006851
3300006862
3300006864
3300006866
3300006876
3300006879
3300006893
3300006894
3300006918
3300006930
3300006936
3300006949
3300006950
3300006954
3300006972
3300007004
3300007157
3300007158
3300007162
3300007165
3300007174
3300007255
3300007258
3300007265
3300007533
3300007535
3300007536
3300007537
3300007614
3300007619
3300007626
3300007628
3300007633
3300007635
3300007668
3300007712
3300007723
3300007757
3300007764
3300007769
3300007775
3300007784
3300007788
3300007959
3300007961
3300007982
3300007983
3300007984
3300009010
3300009012
3300009029
3300009033
3300009035
3300009038
3300009060
3300009061
3300009088
3300009089
3300009090
3300009095
3300009096
3300009097
3300009137
3300009138
3300009143
3300009145
3300009194
3300009419
3300009520
3300009521
3300009522
3300009523
3300009524
3300009525
3300009574
3300009575
3300009576
3300009600
3300009625
3300009649
3300009650
3300009651
3300009660
3300009661
3300009662
3300009672
3300009683
3300009698
3300009700
3300009744
3300009789
3300009792
3300009793
3300009795
3300009796
3300009797
3300009798
3300009799
3300009800
3300009801
3300009802
3300009803
3300009804
3300009805
3300009806
3300009807
3300009808
3300009809
3300009810
3300009811
3300009812
3300009813
3300009814
3300009815
3300009816
3300009817
3300009818
3300009819
3300009820
3300009821
3300009822
3300009823
3300009824
3300009836
3300009837
3300009839
3300009840
3300010029
3300010036
3300010037
3300010038
3300010039
3300010040
3300010041
3300010042
3300010043
3300010044
3300010045
3300010046
3300010047
3300010048
3300010159
3300010166
3300010301
3300010303
3300010304
3300010320
3300010321
3300010322
3300010323
3300010325
3300010326
3300010329
3300010333
3300010335
3300010336
3300010337
3300010339
3300010341
3300010343
3300010358
3300010359
3300010360
3300010361
3300010362
3300010363
3300010364
3300010366
3300010371
3300010372
3300010373
3300010374
3300010376
3300010396
3300010397
3300010398
3300010399
3300010400
3300010401
3300010403
3300010711
3300010726
3300010727
3300010729
3300010730
3300010731
3300010734
3300010737
3300010742
3300010748
3300010752
3300010759
3300010761
3300010762
3300010764
3300010767
3300010770
3300010772
3300010773
3300010775
3300010776
3300010779
3300010782
3300010783
3300010785
3300010786
3300010789
3300010790
3300010794
3300010800
3300010804
3300010808
3300010809
3300010811
3300010812
3300010823
3300010824
3300010827
3300010829
3300010835
3300010836
3300010838
3300010840
3300010841
3300010842
3300010844
3300010848
3300010849
3300010863
3300010868
3300011269
3300011270
3300011271
3300012096
3300012189
3300012198
3300012199
3300012200
3300012201
3300012202
3300012203
3300012204
3300012205
3300012206
3300012207
3300012208
3300012209
3300012210
3300012211
3300012285
3300012349
3300012350
3300012351
3300012353
3300012354
3300012355
3300012356
3300012357
3300012358
3300012359
3300012360
3300012361
3300012362
3300012363
3300012474
3300012479
3300012484
3300012486
3300012489
3300012493
3300012496
3300012499
3300012501
3300012509
3300012511
3300012514
3300012517
3300012519
3300012532
3300012582
3300012683
3300012685
3300012789
3300012790
3300012791
3300012792
3300012794
3300012796
3300012799
3300012801
3300012804
3300012808
3300012811
3300012816
3300012821
3300012822
3300012826
3300012827
3300012830
3300012833
3300012838
3300012840
3300012842
3300012843
3300012844
3300012851
3300012853
3300012856
3300012859
3300012860
3300012862
3300012863
3300012864
3300012865
3300012878
3300012879
3300012880
3300012882
3300012883
3300012884
3300012885
3300012891
3300012892
3300012893
3300012895
3300012896
3300012897
3300012898
3300012899
3300012900
3300012901
3300012902
3300012903
3300012904
3300012905
3300012906
3300012907
3300012908
3300012909
3300012910
3300012911
3300012912
3300012913
3300012914
3300012915
3300012916
3300012917
3300012918
3300012921
3300012922
3300012923
3300012924
3300012925
3300012926
3300012927
3300012929
3300012930
3300012940
3300012942
3300012943
3300012944
3300012948
3300012951
3300012955
3300012957
3300012958
3300012960
3300012961
3300012971
3300012972
3300012975
3300012976
3300012977
3300012984
3300012985
3300012986
3300012987
3300012988
3300012989
3300013015
3300013016
3300013017
3300013018
3300013019
3300013020
3300013021
3300013096
3300014150
3300014154
3300014157
3300014166
3300014487
3300014488
3300014489
3300014490
3300014491
3300014492
3300014493
3300014494
3300014495
3300014496
3300014498
3300014499
3300014501
3300014502
3300014838
3300014839
3300015051
3300015052
3300015053
3300015054
3300015077
3300015200
3300015201
3300015241
3300015242
3300015245
3300015264
3300015356
3300015357
3300015358
3300015359
3300016270
3300016294
3300016319
3300016341
3300016357
3300016371
3300016387
3300016404
3300016422
3300016445
3300016487
3300016489
3300016495
3300016518
3300016534
3300016537
3300016553
3300016558
3300016559
3300016561
3300016578
3300016589
3300016599
3300017540
3300017544
3300017548
3300017553
3300017560
3300017565
3300017644
3300017645
3300017646
3300017647
3300017648
3300017649
3300017650
3300017651
3300017652
3300017653
3300017654
3300017655
3300017656
3300017657
3300017658
3300017659
3300017919
3300017920
3300017921
3300017922
3300017923
3300017939
3300017944
3300017947
3300017959
3300017961
3300017965
3300017966
3300017970
3300017972
3300017973
3300017974
3300017975
3300017999
3300018029
3300018032
3300018058
3300018060
3300018062
3300018064
3300018085
3300018086
3300018088
3300018089
3300018090
3300018419
3300018422
3300018429
3300018431
3300018432
3300018433
3300018465
3300018466
3300018468
3300018469
3300018476
3300018481
3300018482
3300018920
3300019356
3300019360
3300019361
3300019362
3300019377
3300019458
3300019487
3300019569
3300019767
3300019785
3300019786
3300019787
3300019788
3300019789
3300019865
3300019866
3300019867
3300019868
3300019869
3300019870
3300019871
3300019872
3300019873
3300019874
3300019875
3300019876
3300019877
3300019878
3300019879
3300019880
3300019881
3300019882
3300019883
3300019884
3300019885
3300019886
3300019887
3300019888
3300019889
3300019890
3300019928
3300019929
3300019930
3300019931
3300019932
3300019933
3300019936
3300019996
3300019997
3300019998
3300019999
3300020000
3300020001
3300020002
3300020003
3300020004
3300020005
3300020006
3300020008
3300020009
3300020010
3300020012
3300020015
3300020016
3300020018
3300020020
3300020021
3300020022
3300020025
3300020027
3300020032
3300020034
3300020059
3300020060
3300020061
3300020062
3300020131
3300020140
3300020146
3300020147
3300020150
3300020152
3300020154
3300020156
3300020170
3300020181
3300020199
3300020202
3300020215
3300020579
3300020580
3300020581
3300020582
3300020583
3300020591
3300020592
3300020593
3300020594
3300020598
3300020599
3300020614
3300020615
3300020616
3300020617
3300020618
3300020619
3300020620
3300020621
3300020622
3300020623
3300020624
3300020625
3300020626
3300020627
3300020628
3300020629
3300020630
3300020631
3300020632
3300020633
3300020634
3300020635
3300020636
3300020637
3300020638
3300020639
3300020640
3300020641
3300020642
3300020643
3300020644
3300020645
3300020646
3300020647
3300020648
3300020649
3300020650
3300020651
3300020652
3300020653
3300020654
3300020655
3300020656
3300020657
3300020658
3300020659
3300020660
3300020661
3300020662
3300020663
3300020664
3300020665
3300020666
3300020667
3300020668
3300020669
3300020670
3300020671
3300020672
3300020674
3300020675
3300020736
3300020737
3300020738
3300020739
3300020740
3300020741
3300020742
3300020743
3300020744
3300020745
3300020746
3300020747
3300020748
3300020749
3300020750
3300020751
3300020752
3300020753
3300020754
3300020755
3300020756
3300020757
3300020758
3300020759
3300020760
3300020761
3300020762
3300020763
3300020764
3300020765
3300020766
3300020767
3300020768
3300020769
3300020770
3300020771
3300020772
3300020773
3300020774
3300020775
3300020776
3300020777
3300020778
3300020779
3300020780
3300020781
3300020782
3300020783
3300020784
3300020785
3300020786
3300020787
3300020788
3300020789
3300020790
3300020791
3300020792
3300020793
3300020794
3300020795
3300020796
3300020797
3300020798
3300020799
3300020800
3300020801
3300020802
3300020803
3300020804
3300020805
3300020806
3300020807
3300020808
3300020809
3300020819
3300020820
3300020821
3300020822
3300020823
3300020824
3300020825
3300020826
3300020827
3300020828
3300020829
3300020830
3300020831
3300020832
3300020833
3300020834
3300020835
3300020836
3300020837
3300020838
3300020839
3300020840
3300020841
3300020842
3300020843
3300020844
3300020845
3300020846
3300020847
3300020848
3300020849
3300020850
3300020851
3300020852
3300020853
3300020854
3300020855
3300020856
3300020857
3300020858
3300020859
3300020860
3300020861
3300020862
3300020863
3300020864
3300020865
3300020866
3300020867
3300020868
3300020869
3300020870
3300020871
3300020872
3300020873
3300020874
3300020875
3300020876
3300020877
3300020878
3300020879
3300020880
3300020881
3300020882
3300020883
3300020884
3300020885
3300020886
3300020887
3300020888
3300020889
3300020890
3300020891
3300020892
3300020893
3300020894
3300020895
3300020896
3300020897
3300020898
3300020899
3300020900
3300020901
3300020902
3300020903
3300020904
3300020905
3300020906
3300020907
3300020908
3300020909
3300020910
3300020911
3300020912
3300020913
3300020914
3300020915
3300020916
3300020917
3300020918
3300020919
3300020920
3300020921
3300020922
3300020923
3300020924
3300020925
3300020926
3300020927
3300020928
3300020929
3300020930
3300020931
3300020932
3300020933
3300020934
3300020935
3300020936
3300020937
3300020938
3300020939
3300020940
3300020941
3300020942
3300020943
3300020944
3300020945
3300020946
3300020947
3300020948
3300020951
3300020952
3300020953
3300020954
3300020955
3300020956
3300020957
3300020958
3300020959
3300020960
3300020961
3300020962
3300020963
3300020964
3300020965
3300020966
3300020967
3300020968
3300020969
3300020970
3300020971
3300020972
3300020973
3300020974
3300020975
3300020976
3300020977
3300020978
3300020979
3300020980
3300020981
3300020982
3300020983
3300020984
3300020985
3300020986
3300020987
3300020988
3300020989
3300020990
3300020991
3300020992
3300020993
3300020994
3300020995
3300020996
3300020997
3300020998
3300020999
3300021000
3300021001
3300021002
3300021003
3300021004
3300021005
3300021006
3300021007
3300021008
3300021009
3300021010
3300021011
3300021012
3300021013
3300021014
3300021015
3300021016
3300021017
3300021018
3300021019
3300021020
3300021021
3300021022
3300021023
3300021024
3300021025
3300021026
3300021027
3300021028
3300021029
3300021030
3300021031
3300021032
3300021033
3300021034
3300021035
3300021036
3300021037
3300021038
3300021039
3300021040
3300021041
3300021042
3300021043
3300021044
3300021051
3300021055
3300021057
3300021061
3300021062
3300021063
3300021064
3300021066
3300021067
3300021086
3300021088
3300021159
3300021162
3300021163
3300021168
3300021170
3300021171
3300021178
3300021180
3300021181
3300021184
3300021260
3300021261
3300021262
3300021264
3300021265
3300021271
3300021272
3300021280
3300021281
3300021289
3300021290
3300021339
3300021344
3300021362
3300021363
3300021372
3300021374
3300021401
3300021402
3300021403
3300021404
3300021405
3300021406
3300021407
3300021408
3300021411
3300021412
3300021413
3300021415
3300021418
3300021420
3300021432
3300021433
3300021439
3300021444
3300021445
3300021450
3300021451
3300021452
3300021453
3300021454
3300021455
3300021456
3300021457
3300021459
3300021460
3300021463
3300021464
3300021474
3300021475
3300021476
3300021477
3300021478
3300021479
3300021522
3300021523
3300021524
3300021526
3300021527
3300021528
3300021530
3300021531
3300021532
3300021537
3300021559
3300021560
3300021953
3300021968
3300021972
3300021976
3300022514
3300022515
3300022516
3300022517
3300022518
3300022519
3300022520
3300022521
3300022524
3300022526
3300022727
3300022728
3300022731
3300022733
3300022737
3300022750
3300022751
3300022824
3300022830
3300022831
3300022835
3300022840
3300022849
3300022850
3300022852
3300022861
3300022862
3300022863
3300022870
3300022872
3300022873
3300022875
3300022876
3300022877
3300022878
3300022879
3300022880
3300022881
3300022883
3300022886
3300022889
3300022891
3300022892
3300022893
3300022894
3300022895
3300022896
3300022897
3300022898
3300022899
3300022901
3300022903
3300022904
3300022906
3300022908
3300022910
3300022911
3300022915
3300022917
3300022918
3300022919
3300022924
3300022930
3300022932
3300022936
3300023012
3300023014
3300023016
3300023018
3300023019
3300023020
3300023021
3300023023
3300023024
3300023028
3300023029
3300023030
3300023031
3300023035
3300023036
3300023037
3300023042
3300023043
3300023045
3300023046
3300023048
3300023050
3300023052
3300023053
3300023055
3300023056
3300023057
3300023058
3300023059
3300023060
3300023062
3300023063
3300023064
3300023065
3300023066
3300023067
3300023068
3300023069
3300023070
3300023071
3300023072
3300023073
3300023074
3300023075
3300023076
3300023077
3300023078
3300023079
3300023080
3300023082
3300023083
3300023088
3300023090
3300023091
3300023092
3300023093
3300023094
3300023095
3300023096
3300023097
3300023099
3300023100
3300023101
3300023102
3300023103
3300023104
3300023106
3300023107
3300023118
3300023168
3300023169
3300023171
3300023181
3300023226
3300023228
3300023232
3300023247
3300023248
3300023250
3300023252
3300023254
3300023255
3300023258
3300023259
3300023260
3300023261
3300023263
3300023264
3300023265
3300023266
3300023267
3300023268
3300023269
3300023270
3300023272
3300023274
3300023275
3300023314
3300024037
3300024039
3300024041
3300024045
3300024047
3300024049
3300024055
3300024176
3300024177
3300024178
3300024179
3300024181
3300024182
3300024186
3300024187
3300024219
3300024220
3300024222
3300024224
3300024232
3300024233
3300024234
3300024238
3300024239
3300024240
3300024241
3300024245
3300024246
3300024249
3300024251
3300024254
3300024271
3300024275
3300024279
3300024283
3300024284
3300024286
3300024287
3300024288
3300024290
3300024295
3300024304
3300024305
3300024308
3300024310
3300024317
3300024323
3300024325
3300024330
3300024331
3300024347
3300024426
3300024430
3300024489
3300024497
3300024997
3300025001
3300025002
3300025073
3300025088
3300025107
3300025117
3300025119
3300025121
3300025134
3300025146
3300025152
3300025155
3300025159
3300025160
3300025164
3300025165
3300025167
3300025174
3300025271
3300025289
3300025312
3300025313
3300025314
3300025318
3300025319
3300025320
3300025322
3300025323
3300025324
3300025325
3300025326
3300025327
3300025329
3300025386
3300025427
3300025443
3300025457
3300025461
3300025464
3300025474
3300025475
3300025479
3300025481
3300025482
3300025484
3300025485
3300025486
3300025489
3300025490
3300025491
3300025492
3300025493
3300025494
3300025495
3300025497
3300025499
3300025504
3300025505
3300025509
3300025510
3300025511
3300025512
3300025514
3300025515
3300025516
3300025518
3300025520
3300025522
3300025524
3300025525
3300025526
3300025527
3300025533
3300025536
3300025544
3300025548
3300025550
3300025553
3300025574
3300025575
3300025579
3300025581
3300025582
3300025588
3300025600
3300025604
3300025619
3300025625
3300025627
3300025633
3300025634
3300025650
3300025664
3300025679
3300025692
3300025703
3300025716
3300025718
3300025721
3300025725
3300025739
3300025750
3300025764
3300025766
3300025774
3300025829
3300025836
3300025846
3300025852
3300025854
3300025857
3300025862
3300025864
3300025865
3300025878
3300025885
3300025888
3300025891
3300025898
3300025905
3300025906
3300025910
3300025912
3300025915
3300025916
3300025917
3300025918
3300025921
3300025922
3300025928
3300025929
3300025930
3300025936
3300025939
3300025944
3300025982
3300025987
3300025988
3300025989
3300025990
3300025992
3300025993
3300025994
3300025996
3300025998
3300025999
3300026000
3300026001
3300026002
3300026003
3300026004
3300026005
3300026006
3300026008
3300026009
3300026010
3300026011
3300026014
3300026015
3300026019
3300026020
3300026021
3300026022
3300026025
3300026034
3300026036
3300026075
3300026099
3300026106
3300026107
3300026109
3300026110
3300026120
3300026122
3300026126
3300026127
3300026131
3300026132
3300026133
3300026135
3300026144
3300026156
3300026157
3300026164
3300026165
3300026167
3300026172
3300026173
3300026180
3300026184
3300026185
3300026196
3300026197
3300026214
3300026215
3300026216
3300026217
3300026220
3300026221
3300026222
3300026223
3300026251
3300026271
3300026272
3300026273
3300026274
3300026275
3300026276
3300026277
3300026281
3300026285
3300026291
3300026294
3300026295
3300026296
3300026297
3300026298
3300026300
3300026301
3300026304
3300026305
3300026306
3300026307
3300026308
3300026309
3300026310
3300026312
3300026313
3300026314
3300026315
3300026316
3300026317
3300026318
3300026319
3300026320
3300026322
3300026323
3300026324
3300026325
3300026326
3300026327
3300026328
3300026329
3300026330
3300026331
3300026332
3300026333
3300026334
3300026335
3300026340
3300026341
3300026342
3300026343
3300026345
3300026351
3300026354
3300026355
3300026356
3300026358
3300026359
3300026360
3300026361
3300026363
3300026364
3300026365
3300026366
3300026368
3300026369
3300026371
3300026374
3300026376
3300026377
3300026378
3300026381
3300026446
3300026450
3300026451
3300026456
3300026467
3300026469
3300026474
3300026475
3300026480
3300026481
3300026482
3300026489
3300026490
3300026494
3300026496
3300026497
3300026498
3300026499
3300026502
3300026507
3300026508
3300026514
3300026515
3300026523
3300026524
3300026527
3300026528
3300026529
3300026530
3300026532
3300026535
3300026536
3300026537
3300026538
3300026540
3300026542
3300026547
3300026548
3300026550
3300026551
3300026552
3300026555
3300026557
3300026619
3300026620
3300026621
3300026624
3300026626
3300026628
3300026629
3300026630
3300026631
3300026632
3300026633
3300026634
3300026635
3300026636
3300026637
3300026638
3300026639
3300026640
3300026641
3300026642
3300026643
3300026644
3300026645
3300026646
3300026648
3300026649
3300026650
3300026651
3300026652
3300026653
3300026654
3300026655
3300026656
3300026657
3300026658
3300026659
3300026660
3300026661
3300026662
3300026663
3300026664
3300026665
3300026666
3300026667
3300026668
3300026669
3300026670
3300026671
3300026672
3300026673
3300026674
3300026675
3300026676
3300026677
3300026678
3300026679
3300026680
3300026681
3300026682
3300026683
3300026684
3300026685
3300026686
3300026687
3300026688
3300026689
3300026690
3300026691
3300026692
3300026693
3300026694
3300026695
3300026696
3300026697
3300026698
3300026699
3300026700
3300026701
3300026702
3300026704
3300026705
3300026706
3300026707
3300026708
3300026709
3300026711
3300026712
3300026713
3300026714
3300026715
3300026716
3300026717
3300026718
3300026719
3300026720
3300026721
3300026722
3300026723
3300026724
3300026725
3300026726
3300026727
3300026728
3300026729
3300026730
3300026731
3300026732
3300026733
3300026734
3300026735
3300026736
3300026737
3300026738
3300026739
3300026740
3300026741
3300026742
3300026743
3300026744
3300026745
3300026746
3300026747
3300026748
3300026749
3300026750
3300026751
3300026752
3300026753
3300026754
3300026755
3300026756
3300026757
3300026758
3300026759
3300026760
3300026761
3300026763
3300026764
3300026765
3300026766
3300026767
3300026769
3300026770
3300026771
3300026772
3300026773
3300026774
3300026775
3300026779
3300026780
3300026782
3300026783
3300026784
3300026785
3300026786
3300026787
3300026788
3300026789
3300026790
3300026791
3300026792
3300026793
3300026794
3300026795
3300026796
3300026798
3300026799
3300026800
3300026801
3300026802
3300026803
3300026804
3300026805
3300026806
3300026807
3300026808
3300026809
3300026810
3300026811
3300026812
3300026814
3300026815
3300026816
3300026817
3300026818
3300026819
3300026820
3300026822
3300026823
3300026824
3300026826
3300026827
3300026828
3300026829
3300026830
3300026831
3300026833
3300026834
3300026835
3300026836
3300026837
3300026838
3300026839
3300026841
3300026842
3300026843
3300026844
3300026845
3300026846
3300026847
3300026849
3300026850
3300026852
3300026853
3300026854
3300026855
3300026856
3300026857
3300026858
3300026859
3300026860
3300026861
3300026862
3300026864
3300026865
3300026866
3300026867
3300026868
3300026869
3300026870
3300026871
3300026872
3300026873
3300026876
3300026878
3300026879
3300026880
3300026881
3300026883
3300026884
3300026886
3300026887
3300026888
3300026889
3300026890
3300026891
3300026892
3300026893
3300026894
3300026895
3300026896
3300026898
3300026899
3300026900
3300026901
3300026902
3300026903
3300026904
3300026905
3300026908
3300026909
3300026910
3300026911
3300026912
3300026914
3300026915
3300026916
3300026917
3300026918
3300026919
3300026920
3300026921
3300026922
3300026923
3300026924
3300026925
3300026926
3300026927
3300026928
3300026929
3300026930
3300026931
3300026932
3300026933
3300026934
3300026936
3300026937
3300026938
3300026939
3300026940
3300026941
3300026942
3300026943
3300026944
3300026945
3300026947
3300026949
3300026950
3300026952
3300026953
3300026959
3300026960
3300026973
3300026974
3300026976
3300026979
3300026981
3300026982
3300026983
3300026984
3300026988
3300026990
3300026995
3300026996
3300026997
3300026998
3300026999
3300027000
3300027002
3300027003
3300027004
3300027006
3300027010
3300027011
3300027013
3300027014
3300027018
3300027019
3300027023
3300027024
3300027027
3300027029
3300027030
3300027031
3300027032
3300027034
3300027035
3300027036
3300027037
3300027039
3300027041
3300027042
3300027043
3300027045
3300027047
3300027049
3300027050
3300027056
3300027058
3300027061
3300027063
3300027064
3300027065
3300027066
3300027067
3300027068
3300027069
3300027070
3300027071
3300027072
3300027073
3300027074
3300027075
3300027076
3300027080
3300027087
3300027089
3300027090
3300027091
3300027092
3300027093
3300027094
3300027095
3300027096
3300027097
3300027099
3300027100
3300027101
3300027102
3300027104
3300027105
3300027106
3300027107
3300027108
3300027109
3300027110
3300027114
3300027115
3300027116
3300027117
3300027119
3300027122
3300027158
3300027161
3300027163
3300027164
3300027165
3300027166
3300027167
3300027168
3300027169
3300027171
3300027172
3300027173
3300027174
3300027176
3300027177
3300027178
3300027179
3300027180
3300027181
3300027182
3300027184
3300027187
3300027199
3300027200
3300027201
3300027202
3300027209
3300027257
3300027265
3300027266
3300027273
3300027276
3300027277
3300027282
3300027283
3300027284
3300027288
3300027297
3300027303
3300027307
3300027310
3300027313
3300027324
3300027326
3300027330
3300027332
3300027334
3300027365
3300027370
3300027371
3300027376
3300027379
3300027380
3300027381
3300027383
3300027384
3300027385
3300027388
3300027390
3300027393
3300027394
3300027397
3300027399
3300027400
3300027401
3300027402
3300027403
3300027405
3300027407
3300027408
3300027410
3300027411
3300027412
3300027417
3300027420
3300027421
3300027422
3300027423
3300027425
3300027426
3300027427
3300027428
3300027429
3300027430
3300027431
3300027432
3300027433
3300027434
3300027435
3300027436
3300027437
3300027438
3300027439
3300027440
3300027441
3300027442
3300027443
3300027444
3300027445
3300027446
3300027447
3300027448
3300027449
3300027450
3300027451
3300027452
3300027453
3300027454
3300027455
3300027456
3300027457
3300027458
3300027459
3300027460
3300027461
3300027463
3300027464
3300027465
3300027466
3300027469
3300027470
3300027472
3300027473
3300027474
3300027475
3300027476
3300027477
3300027478
3300027479
3300027480
3300027481
3300027482
3300027483
3300027484
3300027485
3300027490
3300027496
3300027497
3300027499
3300027502
3300027504
3300027505
3300027511
3300027512
3300027514
3300027516
3300027517
3300027518
3300027521
3300027523
3300027524
3300027527
3300027528
3300027530
3300027535
3300027537
3300027545
3300027546
3300027547
3300027548
3300027559
3300027560
3300027561
3300027562
3300027565
3300027567
3300027568
3300027570
3300027574
3300027575
3300027576
3300027577
3300027583
3300027587
3300027590
3300027591
3300027603
3300027604
3300027605
3300027609
3300027610
3300027616
3300027619
3300027625
3300027629
3300027633
3300027634
3300027635
3300027636
3300027637
3300027639
3300027640
3300027641
3300027643
3300027645
3300027646
3300027647
3300027648
3300027650
3300027651
3300027652
3300027653
3300027654
3300027655
3300027657
3300027660
3300027662
3300027663
3300027667
3300027669
3300027671
3300027674
3300027676
3300027678
3300027680
3300027681
3300027684
3300027691
3300027692
3300027696
3300027703
3300027706
3300027710
3300027711
3300027715
3300027725
3300027727
3300027738
3300027740
3300027745
3300027748
3300027765
3300027773
3300027775
3300027787
3300027803
3300027811
3300027817
3300027821
3300027826
3300027842
3300027846
3300027853
3300027854
3300027855
3300027857
3300027862
3300027867
3300027869
3300027874
3300027875
3300027879
3300027882
3300027884
3300027886
3300027889
3300027895
3300027903
3300027905
3300027908
3300027928
3300027930
3300027935
3300027938
3300027939
3300027940
3300027942
3300027947
3300027948
3300027949
3300027950
3300027952
3300027954
3300027957
3300027961
3300027964
3300027965
3300027968
3300027986
3300027991
3300027992
3300027993
3300027994
3300027998
3300027999
3300028000
3300028001
3300028002
3300028003
3300028004
3300028005
3300028006
3300028007
3300028009
3300028011
3300028012
3300028013
3300028014
3300028015
3300028020
3300028021
3300028024
3300028025
3300028027
3300028033
3300028034
3300028035
3300028037
3300028038
3300028040
3300028041
3300028047
3300028059
3300028060
3300028065
3300028068
3300028069
3300028070
3300028072
3300028082
3300028084
3300028087
3300028090
3300028104
3300028138
3300028145
3300028146
3300028244
3300028268
3300028281
3300028293
3300028331
3300028431
3300028432
3300028437
3300028438
3300028439
3300028440
3300028441
3300028444
3300028447
3300028449
3300028536
3300028551
3300028552
3300028560
3300028562
3300028565
3300028566
3300028572
3300028574
3300028578
3300028585
3300028586
3300028587
3300028588
3300028589
3300028590
3300028592
3300028596
3300028597
3300028608
3300028639
3300028645
3300028646
3300028649
3300028650
3300028651
3300028652
3300028664
3300028665
3300028673
3300028674
3300028676
3300028678
3300028679
3300028704
3300028705
3300028707
3300028708
3300028709
3300028710
3300028711
3300028712
3300028713
3300028714
3300028715
3300028716
3300028717
3300028718
3300028719
3300028720
3300028721
3300028722
3300028731
3300028732
3300028733
3300028734
3300028736
3300028738
3300028739
3300028740
3300028741
3300028742
3300028743
3300028744
3300028745
3300028746
3300028747
3300028748
3300028754
3300028755
3300028759
3300028762
3300028763
3300028764
3300028765
3300028766
3300028767
3300028768
3300028769
3300028770
3300028771
3300028772
3300028773
3300028774
3300028775
3300028776
3300028777
3300028778
3300028779
3300028780
3300028781
3300028782
3300028783
3300028784
3300028785
3300028787
3300028788
3300028789
3300028790
3300028791
3300028792
3300028793
3300028795
3300028796
3300028798
3300028799
3300028801
3300028802
3300028803
3300028806
3300028807
3300028808
3300028809
3300028810
3300028811
3300028812
3300028813
3300028814
3300028819
3300028824
3300028828
3300028853
3300028854
3300028855
3300028856
3300028857
3300028858
3300028859
3300028860
3300028861
3300028862
3300028863
3300028864
3300028865
3300028866
3300028867
3300028868
3300028869
3300028870
3300028871
3300028872
3300028873
3300028874
3300028875
3300028876
3300028877
3300028878
3300028879
3300028880
3300028881
3300028882
3300028884
3300028885
3300028889
3300028906
3300028909
3300029651
3300029802
3300029804
3300029869
3300029916
3300029918
3300029919
3300029920
3300029956
3300029980
3300029981
3300029982
3300029983
3300029985
3300029986
3300029988
3300029992
3300029993
3300029994
3300029995
3300029997
3300029998
3300030001
3300030003
3300030004
3300030005
3300030006
3300030010
3300030011
3300030013
3300030014
3300030041
3300030042
3300030043
3300030044
3300030045
3300030046
3300030047
3300030048
3300030049
3300030050
3300030051
3300030052
3300030053
3300030054
3300030055
3300030056
3300030057
3300030058
3300030225
3300030230
3300030336
3300030490
3300030491
3300030492
3300030494
3300030496
3300030506
3300030507
3300030508
3300030509
3300030510
3300030511
3300030513
3300030517
3300030518
3300030519
3300030523
3300030606
3300030613
3300030619
3300030620
3300030646
3300030659
3300030673
3300030677
3300030685
3300030687
3300030693
3300030706
3300030707
3300030737
3300030739
3300030746
3300030906
3300031027
3300031028
3300031150
3300031152
3300031164
3300031170
3300031184
3300031197
3300031198
3300031199
3300031200
3300031226
3300031228
3300031229
3300031232
3300031233
3300031234
3300031236
3300031237
3300031244
3300031248
3300031258
3300031259
3300031261
3300031366
3300031447
3300031448
3300031449
3300031450
3300031451
3300031452
3300031453
3300031454
3300031455
3300031460
3300031470
3300031471
3300031472
3300031473
3300031520
3300031524
3300031544
3300031547
3300031565
3300031578
3300031668
3300031681
3300031723
3300031771
3300031778
3300031799
3300031833
3300031909
