10.23	-61.62
10.239333	-61.604991
11.5044	105.0336
-12.2	-38.11
16.249	-61.565
17.550556	-97.425556
18.321	-65.8172
-19.733298	147.17873
-20.43644	-69.58397
-20.7274	-69.9732
-20.9522	-70.0158
-20.95319	-70.019951
-21.0011111	-70.07138889
-21.0129	-69.3515
21.08	72.88
21.311	-157.823
21.3515	-157.769
21.542	-157.884
21.636337	72.989458
21.6	73
-21.818963	-48.614275
21.8883	-159.4188
21.8887	-159.419
22.2199	-159.566
22.2202	-159.5794
-22.9164	-68.2493
23.03142	70.21517
23.13	113.27
23.16	113.23
-23.5374	-46.125
-23.53976	-68.68737
-23.57431	-68.10215
23.7925	71.008
23.8109	70.9831
23.834889	69.518917
23.850674	69.734802
-23.8553	-46.1394
-23.897	-68.1449
23.908056	70.537806
23.940444	70.187889
23.940972	70.188444
23.941333	70.188389
24.0833	70.1667
24.339444	69.183333
24.918333	114.132778
-25.025508	152.379908
-26.1119	-70.6479
26.2006043	92.9375739
26.5008	-80.2398
26.5052	-80.2345
26.5059	-80.2517
26.5065	-80.2537
26.6539	-80.6288
26.6541	-80.6298
26.6591	-80.6279
-27.0061	150.3916
-27.2216	-70.3454
-27.7283	-71.0347
-28.232288	26.794365
-28.3	26.75
-29.3164	-71.2486
29.7903	34.9671
30.3262	-87.1745
30.703611	-87.369167
31.546	-102.9
31.837801	-110.350292
32	119
-33.6	150
33.763	-115.7961
33.8188	-115.7638
33.8761	-115.9097
33.893	-115.798
-33.917926	151.235347
-33.91794	151.235369
33.9461	-115.9036
34.0136	-118.4673
34.0413	-116.145
34.0655	-116.1702
34.0997	-115.455
34.1098	-115.4803
34.1453972	77.5676139
34.1733	-115.3858
34.1736	-115.3888
34.1758	-115.3866
34.3778	-117.6098
-34.5	150
34.6074	-81.7228
34.7856	-115.66
34.975667	-97.519
35.1642	-116.8729
35.2269444	-80.8433333
35.3619	-116.3226
35.5039	-115.6922
35.5	-121
35.635	-115.5124
35.6414	-83.06
35.784	-98.26
35.812	-98.262
35.8956	-76.1655
35.8959	-76.1658
35.9728	-83.9422
36.36	-97.29
36.3875	127.3392
36.5	-121.8
36	-78
37	-122.2
37.26	-6.94
37.3202	-111.5307
37.48	-112.09
37.543	-111.6405
37.6093	-111.8978
37.7168	-111.4712
37.8291	-111.42
37.8291	-111.4201
37.8864	-122.2981
38.000637	-121.624207
38.000706	-121.624306
38.04565	-121.866287
38.049904	-121.765358
38.049923	-121.765244
38.05241603	-121.76907401
38.05246563	-121.76914021
38.052479	-121.7687
38.052509	-121.76873
38.107521	-121.649681
38.107536	-121.649704
38.1667	-79.633
38.197102	-122.010033
38.197227	-122.010124
38.198971	-122.026955
38.209766	-122.033424
38.209923	-122.033409
38.224476	-122.019341
38.224518	-122.019257
-3.8385	-73.3213
38.41538991	-110.78677342
38.41595572	-110.78449087
38.41598673	-110.78408069
38.41627709	-110.78444637
38.41645811	-110.78437161
38.41662884	-110.78428642
38.41670818	-110.78537559
38.41680641	-110.78524736
38.41709915	-110.78539335
38.41714146	-110.78530232
38.41734363	-110.7846979
38.41734363	-110.78524736
38.712053	-109.695097
38.715	-109.6908
38.7384	-120.4045
38.7577	-120.4371
38.7825	-120.2792
38.783	-120.2781
38.7833	-120.2976
38.7833	-120.2991
38.7856	-120.428
38.7864	-120.429
38.7866	-120.4291
38.7966	-120.3833
38.8758	-120.4437
38.8759	-120.4437
38.9229	-106.9499
38.938584	-110.1354127
38.9694	-120.5005
38.9727	-123.1145
38.9738	-120.4934
39.0042816	-77.1012173
39.032	-120.4433
39.0352	-120.4422
39.0844	-86.4705
39.100992	-96.608258
39.211666	-96.594768
39.6017	-79.9761
39.6475	-79.9369
39.6589	-79.9058
39.7640021	-105.1353074
39.852013	116.535297
39.898	-79.976
40.0633	-88.2058
40.109	-88.204
40.178	-81.073
40.23	-112.4652
40.3921	-104.7158
40.6949	-77.9199
-4.0712	-73.2029
40.822	-104.7128
41.110469	-81.563467
41.1673	-96.4119
41.1677	-96.4108
41.1681	-96.4109
41.1681	-96.4119
41.18	-8.56
41.3769	-82.5097
41.3776	-82.5117
41.3776	-82.512
41.3777	-82.5117
41.3778	-82.5111
41.3792	-82.512
41.827222	-93.008611
41.8725	-89.3578
41.8784	-89.3541
41.8854	-89.3208
41.893	-89.305
41.896	-89.3636
41.9002	-89.352
41.9002	-89.3556
41.9035	-89.3341
42.0127	-93.7445
42.3286	-76.4792
42.406189	-85.40016
42.5315	-72.1899
42.5488	-76.2662
42.550409	-72.180244
42.673	-77.032
42.755	13.411118
42.9886	-108.4
42.9888	-108.3994
43.135131	-89.441777
43.398358	12.962139
43.63	116.7
43.64083333	-80.40972222
43.727094	-72.425964
-44.0341666	-103.765833
44.03416667	-103.76583333
44.0647	-85.3817
44.152652	-93.519745
45	-105
45.4351	-106.3918
45.4352	-106.3919
45.4352	-106.392
45.4352	-106.3921
-4.5438	-74.6258
45.5	124.15
46.1125	-122.987
46.37386	17.90063
46.547528	-119.521866
47.3732	8.5552
47.379	7.1648
47.432362	-92.940835
47.50505	-93.48901667
47.5056	-93.4534
47.505	-93.489
47.5062	-93.45426667
47.506	-93.454
48.081	7.355
48.9513	20.3835
48.955	20.4147
4.902	103.36
49	-123
49.2598372	-123.2459363
50.48	5.58
50.805741	3.314317
50.88	-120.35
50.9769	-115.9592
51.17	-116.16
51.21	6.46
51.2166667	6.46
51.481481	0.222231
51.498	12.846
51.804241	-0.372114
52.148855	10.542752
52.172047	-113.738964
53.1892924	18.9705076
53.24	-4.01
53.5653	10.0014
54.971158	-1.703654
56.03	-2.82
56.04	-118.13
56	-122
56.22	-117.33
56.56667	32.76667
56.70268	-111.394976
56.70268	-111.398858
57.02	-111.65
57	-122
57	-123
57.1863	-2.2145
57.1866	-2.2146
63.0472	21.7116
-6.3272	-74.8136
63.8785	-149.2588
64.1833	19.55
-6.426389	-50.051389
-6.42916667	-50.06611111
64.7	-148.3
64.9095	-147.9448
64.9096	-147.9451
64.9123	-147.839
64.9141	-147.834
64.9141	-147.8344
64.9141	-147.8348
64.9142	-147.8349
64.9142	-147.835
64.9144	-147.8354
64.9149	-147.8357
64.953	-147.615
67.056923	-50.459608
67.057002	-50.459694
67.05702	-50.459796
67.082186	-50.322297
67.08225	-50.322435
67.082258	-50.322515
67.152081	-50.048593
67.152107	-50.048517
67.152116	-50.048697
67.155586	-50.08499
67.155592	-50.08499
67.155672	-50.084881
67.156387	-50.083767
67.15642	-50.083651
67.156461	-50.083665
67.15650902	-50.06398397
67.156516	-50.06387
67.15656	-50.018284
67.156805	-50.082499
67.156843	-50.082361
67.156854	-50.082619
67.162953	-50.018269
67.163011	-50.018445
67.163069	-50.018284
67.865505	16.714941
67.872223	16.713705
67.899243	18.344347
67.899244	18.344371
67.900853	18.44175
67.900879	18.43474
67.901082	18.428257
67.901457	18.580979
67.903128	18.604355
67.904568	18.607115
67.904687	18.610965
67.906846	18.44555
67.907119	18.447522
67.910855	18.470863
68.3523	19.04743
68.3529	19.0475
68.3531	19.0474
68.3531	19.0476
68.3532	19.0466
68.3532	19.0467
68.3532	19.0469
68.3532	19.047
68.3532	19.0471
68.3532	19.0474
68.3532	19.0475
68.3532	19.0477
68.3533	19.0465
68.3533	19.0466
68.3533	19.0467
68.3533	19.0468
68.3533	19.047
68.3533	19.0471
68.3533	19.0475
68.3534	19.0467
68.3534	19.0471
68.3534	19.0472
68.3534	19.0473
68.3535	19.0472
68.3535	19.0473
68.3544	19.048
68.3545	19.0465
68.3568	19.0503
68.3569	19.0501
68.3569	19.0502
68.3578	19.0528
68.3628	19.0528
68.716667	158.9
-69.416092	76.269958
70.4	-148.7
-74.2	162.5
-75.8	159.9
77.4475	162.676389
-77.6	161.2
77.735556	162.328611
-78.083333	163.8
-78.099535	163.850256
78.11096	15.55294
78.90055556	12.07611111
78.90777778	12.16444444
78.92166667	12.07666667
78.92777778	12.25416667
78.97888889	12.33222222
78.99	12.08277778
78.99166667	12.23
79.1005	12.15611
79.10444444	12.27888889
79.11222222	12.25833333
79.112223	12.175
79.11361111	12.19583333
79.11833333	12.09361111
79.14083333	12.09222222
79.15138889	12.25361111
79.1525	12.21555556
79.26	-90.46
79.416111	-90.758333
79.48416667	12.09222222
79.76833333	12.14361111
-82.95955	-132.89062
8.5	76.7
-8.6625	-42.6784
-9.015859	-42.699586
9.941418	78.008896
Latitude	Longitude
